lat: 43.77339426490205
long: -79.50212359428407
